# MightyWatt Log File
# Started on	2/7/2017	2:46:19 PM
# Current [A]	Voltage [V]	Time since start [s]	Temperature [deg C]	Local[l]/Remote[r]
0.003	22.568	2.032	25	l
0.003	22.568	2.084	25	l
0.003	22.568	2.137	26	l
0.006	22.568	2.191	25	l
0.008	22.560	2.244	25	l
0.016	22.560	2.300	26	l
0.019	22.475	2.356	26	l
0.021	22.467	2.409	26	l
0.026	22.452	2.463	25	l
0.031	22.452	2.516	25	l
0.034	22.444	2.570	25	l
0.037	22.444	2.623	25	l
0.042	22.428	2.688	26	l
0.044	22.421	2.741	25	l
0.050	22.413	2.795	25	l
0.055	22.405	2.848	25	l
0.060	22.405	2.901	26	l
0.063	22.397	3.102	25	l
0.068	22.390	3.156	25	l
0.070	22.390	3.210	25	l
0.083	22.374	3.264	25	l
0.088	22.366	3.319	25	l
0.094	22.366	3.372	25	l
0.101	22.359	3.426	25	l
0.099	22.359	3.480	25	l
0.104	22.351	3.534	25	l
0.106	22.343	3.588	25	l
0.112	22.335	3.642	25	l
0.117	22.328	3.695	25	l
0.119	22.328	3.748	25	l
0.125	22.320	3.801	25	l
0.130	22.328	3.855	25	l
0.132	22.312	4.049	26	l
0.135	22.312	4.102	25	l
0.140	22.304	4.156	25	l
0.156	22.289	4.208	25	l
0.161	22.289	4.270	25	l
0.163	22.281	4.324	25	l
0.166	22.273	4.378	25	l
0.171	22.273	4.432	25	l
0.174	22.266	4.486	25	l
0.179	22.258	4.540	26	l
0.181	22.258	4.611	25	l
0.187	22.250	4.665	25	l
0.189	22.258	4.719	25	l
0.194	22.243	4.773	25	l
0.200	22.243	4.826	25	l
0.205	22.235	4.880	25	l
0.210	22.227	5.172	25	l
0.215	22.227	5.226	25	l
0.215	22.219	5.286	25	l
0.238	22.196	5.340	25	l
0.238	22.196	5.394	25	l
0.246	22.188	5.448	25	l
0.251	22.181	5.507	25	l
0.254	22.173	5.560	25	l
0.259	22.181	5.617	25	l
0.262	22.181	5.670	25	l
0.267	22.165	5.725	25	l
0.272	22.165	5.779	25	l
0.275	22.165	5.833	26	l
0.280	22.150	5.885	25	l
0.282	22.150	6.029	25	l
0.285	22.142	6.083	25	l
0.288	22.142	6.137	25	l
0.300	22.126	6.191	25	l
0.303	22.126	6.256	25	l
0.308	22.119	6.310	25	l
0.311	22.119	6.364	25	l
0.316	22.111	6.418	25	l
0.321	22.103	6.471	25	l
0.326	22.103	6.525	25	l
0.329	22.088	6.583	25	l
0.334	22.088	6.637	25	l
0.337	22.088	6.690	25	l
0.342	22.080	6.744	25	l
0.347	22.080	6.798	25	l
0.350	22.080	6.851	25	l
0.355	22.064	7.017	25	l
0.357	22.064	7.071	25	l
0.363	22.064	7.124	25	l
0.375	22.041	7.177	25	l
0.375	22.041	7.258	25	l
0.381	22.041	7.311	25	l
0.386	22.041	7.365	25	l
0.394	22.026	7.419	25	l
0.396	22.018	7.473	25	l
0.401	22.018	7.527	25	l
0.401	22.010	7.612	25	l
0.407	22.010	7.666	25	l
0.412	22.002	7.720	25	l
0.417	21.995	7.773	25	l
0.422	21.987	7.825	25	l
0.425	21.987	7.878	25	l
0.427	21.979	8.143	25	l
0.435	21.971	8.197	25	l
0.438	21.971	8.250	25	l
0.456	21.940	8.303	25	l
0.463	21.933	8.357	25	l
0.463	21.940	8.411	25	l
0.471	21.933	8.465	25	l
0.474	21.925	8.519	26	l
0.479	21.925	8.643	25	l
0.482	21.917	8.697	25	l
0.487	21.917	8.751	25	l
0.492	21.902	8.805	25	l
0.497	21.894	8.859	25	l
0.505	21.886	8.919	26	l
0.507	21.886	8.973	25	l
0.510	21.886	9.026	25	l
0.515	21.871	9.079	25	l
0.515	21.871	9.133	25	l
0.523	21.863	9.186	25	l
0.525	21.855	9.251	25	l
0.531	21.847	9.305	26	l
0.536	21.847	9.359	25	l
0.538	21.847	9.412	26	l
0.544	21.832	9.465	25	l
0.549	21.832	9.517	25	l
0.551	21.824	9.893	25	l
0.557	21.816	9.950	25	l
0.559	21.816	10.004	26	l
0.585	21.778	10.058	26	l
0.590	21.770	10.112	25	l
0.593	21.762	10.164	25	l
0.598	21.754	10.219	26	l
0.600	21.754	10.492	26	l
0.606	21.747	10.546	26	l
0.611	21.739	10.601	26	l
0.632	21.708	10.655	26	l
0.632	21.700	10.709	26	l
0.637	21.700	10.762	26	l
0.639	21.693	10.815	26	l
0.647	21.685	10.869	26	l
0.650	21.677	11.239	26	l
0.655	21.669	11.302	26	l
0.657	21.669	11.356	26	l
0.686	21.615	11.409	26	l
0.694	21.607	11.463	26	l
0.694	21.607	11.516	26	l
0.699	21.592	11.570	26	l
0.701	21.600	12.011	26	l
0.704	21.576	12.086	26	l
0.709	21.576	12.140	26	l
0.743	21.514	12.192	26	l
0.748	21.499	12.245	26	l
0.753	21.499	12.298	26	l
0.758	21.483	12.352	26	l
0.761	21.476	12.800	26	l
0.766	21.460	12.867	26	l
0.769	21.460	12.921	26	l
0.800	21.375	12.974	26	l
0.807	21.359	13.028	26	l
0.810	21.352	13.081	26	l
0.815	21.336	13.135	26	l
0.818	21.328	13.811	26	l
0.823	21.313	13.870	26	l
0.826	21.305	13.925	26	l
0.877	21.112	13.979	26	l
0.880	21.088	14.032	26	l
0.885	21.073	14.085	26	l
0.890	21.050	14.139	26	l
0.890	21.042	14.489	26	l
0.895	21.011	14.546	26	l
0.903	20.980	14.600	26	l
0.929	20.755	14.654	26	l
0.934	20.701	14.708	26	l
0.934	20.670	14.761	26	l
0.939	20.600	14.815	26	l
0.942	20.554	15.323	26	l
0.950	20.461	15.393	26	l
0.955	20.368	15.447	27	l
0.991	18.385	15.501	26	l
0.994	17.874	15.555	26	l
1.001	17.300	15.608	26	l
1.004	17.021	15.662	27	l
1.007	16.247	16.273	27	l
1.012	15.433	16.335	27	l
1.019	15.147	16.398	27	l
1.063	6.634	16.451	26	l
1.066	5.952	16.505	27	l
1.071	5.236	16.558	27	l
1.079	4.513	16.612	27	l
1.079	4.254	17.095	27	l
1.084	3.424	17.160	27	l
1.087	4.192	17.223	27	l
1.120	0.036	17.276	27	l
